$ANSIBLE_VAULT;1.1;AES256
61316133616535383436646238346637373233356530656164326565366364656636643262313763
6330303539306338356237643339366335663466316638630a366261666131663862353766643162
64633335336635303734666661616635336131646433633030616137333033613530646335363563
6232376565306262620a626362306232306133373733336462396664613231393530613362303363
34636434656338643132333737393537666231353032303937303839353261393033343566326636
30303064636533643566663761326538356664326635396265396539383165636137393462623761
35663261616538333264656137633838343733626139366333383533306632316564626230636639
39643033646432653065613933613834313636653665333165323331383235353933393136326166
61363534623334363536643934326634336639343134393461323230386664313462633665346361
30323266386266376438616231626165313236346231333966626434346235656338623334323032
63663533653434643662393633396133623130306632346362633035383965343932353338663739
31613536353235366166306131306335323861393761336666323932373434623139633737623332
38633835633733316536346566636633356564363737376466633262373734643766373466303237
38343336333766336630393932393837623762353138623062306365633165376336633362336137
61376266336133303265636637623966313862343362353361663665356633663438373066356561
63363131646130393931326231346431343836383634656333643939643261373762326339346261
62366134323232626633396230343533343230303965303930363834646563376363633139663863
36336139663932353634636637383636386232363033333634353430623037626264323331356438
66663139653739323132306137316539346130353366393361353838383663646363393761636639
62336234653032326531363134646464616237653232386235396633333139666261363334333165
34326330316430663964336535666265336435333966333136373133616639313230333561636633
35346237653639373162343937366430386537306532663331636262326662396561363531313833
37353066636631373437313137396436336231353830303730333665366462653363343333336232
30613430646537643133376432633664326238313863646337353131653837643139363361386133
34323037363261313331313739306436623333323966626166323664313537656235356431356136
32323338373333613938323132393934613734393338323738323665353039333631393134623734
38643961303161383839666339663164623263316538663236666437633035613239643234323034
35396339323234356262616136633331663131663336333834336562613361313761613063393461
38343766303830613830386631326431376232316434616264643362343962663130616662343464
61666564666165613735616531653635613566666532323038346232623637623466383362383564
61343439343364316132663330653937393033663166323839623630376431613634393861366362
66393631393838666135303663396264363930633661653030303030646562613163326433663335
34306366363835336237313231303631613532303137396332616538313234656363303864656639
30646339623038396434646364363430656363393965326561643262333061643335306664616635
33646332643866653565303335663333303733363962643861333532393433616532633131633463
38633433366337386233376532616461373130343736646137333034656139393831323263353162
36663865643966313439363639306536613163613963356432613633666130356139333561663232
37636163383462663838356530356565373536613965396361643965356565626664616562646662
65633939646132643366376431633561386664356233613435396133366638613866323735353263
36386338386438336131626337666339643138346634633166313434356439643965363036666164
62613563346632376561643966616238643636326536373366613662333835363338326136343763
37306262396564643066396161376635623638333533663036646332386365356661613462386563
39636135303633366434316634653564303763343836323761666231393066386364383063373964
66326232313134653533323934653961383237663031323836333939663864613164653033343164
37316431356561643661643365326339336663626137353936326635373038383939613730653165
34666463353063336536346264306637623665333662396465633135313333663134633834313761
63333038323339656233646162343734303166326564646230616130346538663030396634336364
61653164613537313564633835666263646639633130616639383265323436373335333566353730
34353033353134653833336331366436373637636430623535643338326262306163333439333734
38343866653632343234393835656164396466633965373736366561306264346663666237383130
63646665613031376334356135613036636265636334636239636664393433303363383336396164
62363063366432633263323365626266663831613661636133623839303631383533666561613130
34393963306539663165326236366239386236656437343039646530613337633233396265366337
37313235346330633231383764316636383738613364363132656462306439366362353735393261
65306563616438323736643362386135366339326431396637626133313362663032373061393833
32666235346365616662373263326166656162343537376133386265646263306265376262396433
66366130386262343365313662313361303134616131626138393161363962623631643537653962
37333966663736613164663364313237316562313136343135623432393231656635613864356466
65383436303238373633396163623136373132343863306132623631393464356366393337633731
38346365393335386230356261383964613232386434653039333332653936383833323962633739
62353361353162303764663138393365303139303762366131366361303835643137306431613637
66363962396136393762353434386236393064323765303136623431623162656530623362383464
63633165393633343264363231643731626433366137363864303830313162646266393634613337
33653330313536633130663863343430313363626163363339346438376434346230356639343231
36323130396339313165346232363131386432346232353138333836333633643238353931313564
39346135633036633736623730653062623761636233393236633235633666363331353937633466
36353237643532363766353139356537393230636632346231306566666333653638313564633632
30633333376661383438623863313634323961303961376162636634376134613034623234663235
35333562326330386237396130616663306534666566376364653264326139646330663663623164
62333966313137646462313363653732313735656634383664323065313934616136616432306564
38353861306461353866396263666262643863306362343038383336383535636436373330373165
36653931373833363231346134343738313239333936323830636231393431363234643537386432
62636531326164656231656464613464343232656138653836396531616537633363653036653234
38383036343034353666626166656461666630613039343933666565373033633836663738316264
64623763653963653932633732363537643231653732353538353738653238636565373366626139
65396636383261303661616266383533313836396362313037633963333766323961313864646638
32396234666437346664343638306663333139643538653230663637646535323766396436343664
35343531306664626330306165313032343931636438626262633931336131336461343665303832
39386264373637653930316263636230313233336139656539306262386263653235366130323965
31646565363239353964363932316463366339653732633363623865356232376436653532303038
65653334363561363861663265633765393232333464343065653936333265643232623765313733
63386361373539353337316234613265303936343264346364616438613935656637326533613637
64663737363161313739346364393765386166623233303761313266313366633934656265623434
39373139313935616262613765386232353332626262313132616233633864376565333934363536
31316533346238333761323330636566343738386131396632376432386338383032623663656239
36393361633265386632363263333466393737323731303864666636363830626534393938326162
61656439653737376563366439663737383964666638333437306237323839343435323564373438
38383066343639623765626366643265333064323137643065623738623235366365326365326664
35356137343137616335313165613366333761323533363235383364353933643831373964316636
63666237613561383165633663323061303662376337663261646334633761663736613136316363
62613735326237656265373535376433383237376531336430353362303066303466313439613035
66376438386162393732343964333537373635356136303363303332363234353131653764323531
63343138303936393138333736353938613935383266376262376666633634363565356664383261
36323431356132326636393666666531663433323065623064666463353330336466373264636365
32626265346339656331303166326632353833626231306139386261353566616133363936336630
31663134396463646465333266333465653238303138386430633139393835666366656230303662
63623764643464633231636634376139363066313665633436393732643065383965366237353535
32666437656132643135633236613932643736653664323133343665373163313133306436663433
32363630333533373266383339366263643637356230633230323564343331633931303334636264
30373832313939613866393135386138613934393433623238396134303836323362303638653362
62363339653863383461333736643833646632376261353331616430616564623065623233633464
37306465646337366262613437623435386630326164336162386233663662666365313163313638
30623134303631386239353535663737326239663636303633623864313135626236346130306238
61363537646335613661303433396333633338313932393263623164626564623135323235633539
38346433616638326630643536313164623230326537303161363337333136353166306333343934
62363134393739303637376236366634393764656634643834656530376334323766616662353231
65613431396136333037356162323661356663316266323063303030613261643561643162656637
37626136386461303931363065386235353635343933333662346664303166326137643834363266
66613332383266356366633139333530356139386466643139663837643739383430666262626333
36313564323564323038346231663662323437656433653536373966656362353066653136663764
38646663323439633738333932366632653431386662373237393161303764356136326333306566
35346466323039386538633764323965326562333035333736623862343834376264663832616562
65323338653736646334303333663463663461323365326530363265313834313039333961376462
33366538353631316437666436383333363336646238653835343138303038386664646638303665
35373433346238353837353863326665643762366233333865323839393336393738616236306661
32383963396138363136373430666261666366633466306333306164646330343733633735306264
32343632323139306133663132626530653134316165626262363164336332323039376437343761
33623632346166336534613766336636336663323530663263336231343435383139623131633636
33613863346131313162356334393536303666633933623833326430333732353834366339386330
62376333326665626336656664303363356235393938613062323566306462633031636666356535
33353937306163623561633636336236323237376236663734653938306134613166613165636334
37623762363266656332636233623934353036393537646132346663346335316639616139336565
61653461333334353736396261366437306464393466323962326362373636643464376562323264
36623238333936646339346635323437663366663962373466636466323139656538616361623433
65336463363265383330346563313961323638633336313565373662343230343635623065323064
66333733653034646133316565393666633937623764316663353066616664343337636134313461
34626438396432666630346635623937613337626630656430353065623366343235633834653566
64393461336161643833643938383337323536386633363738356233386239613166343562363366
37376363353734653535633831643631663661313337373137653239666262356335653335316435
33626463613232353230623536353264363966663930333435396134623835643438323637383263
39376561306561313238613262376233323434376563333834316238663863623662613334663832
62393435363239663839383033383462333431613931316134323364313930336430626330316266
37353936633034373966363139363938356461363039636264633635396463656236306533643363
35633234383139333632343165313864323064336630663235646339613037643231613738646338
61306333386663653233383765313563313964376438666435363536306263656534666237333239
32313665633561663663346263313362363930613239666136636635656333326636623965636632
33626562373130323965353930386537313038636261623564383533363537613431353561356563
32623430643030636464326566656534633766336532373139626434636237333661333035613566
66653537323536623737363665363937363534623938626339316565386636326162666239646334
36333339346636616537663663643333656361313735616663353163343534313932396332306630
34663364393364616233353835323265333431656262343637393038666233633039383061303736
65333237386162393434373965643632346433626334386431356330653436333330636133386634
30366238666630323839376638373765386537343538623865366330313030303836323362323763
66643966363665306261356365623063366465333630316239313638653565653030666236363334
37373962393830343031353730336534653161396231303234626264633535636664613262613332
39633434326263616464313735363165313565363564626637666164393231323033653463613234
61343939386634623565626539653534623832383336653336376435626533376261303462656336
38356537343836633133383931636263653938383737373539653462333831353839336563666339
32333437336433636337336162376262666539373932356166633538393437623531333139356561
31316638306632366235343762623934333035373962633734353536616365326439666363363635
61376565613239306337666533333939656537623065626131366238383130653232356131383830
31343531316363656633663164646666663030316130626533373237303837363664633132336166
36313337613461303563333261633633393163343732653033663163393538313033663338633333
33333933396336383563303163616133326636363663636338336463376263393537643263383131
64663363663763656137636466656134383139396139636566393732646436616538383332313131
31663064643565353834643533393635363237383430616331643430343136626632363632376435
37323462666530363433396462613465633039613031343931613330363961643764353764396662
64653461356363326234306435313136663161366366646563353835333137383730363735346164
65643963353439653033613232636533626665646466303030643936633134313637303230313035
30643137313132636335306136333530353831393562653135356334366638643832363434356434
33633261373037663733623365356564653265316362373364613232313637383330323239306631
34333631313731653538373438663639366663303465333130366264343334393764646137623630
33623663336264626637313161653765323031366435396363313535383166653265343333386639
31623866373932376637353564323934313561346661306162303334616162363234376637626531
38343639643161613262636336663635373764333065613135333933636564646636336337643639
66623038376134633434643064613831393462323861633539666665653765326461383765346364
38393835363137326162386535653262656165656139313732663233616237396434623066373666
63323139306235633335363063356264653032373431656231383137386231326663346662373133
38353339623736613661386134386465653836376237303135313965356336646333313838396562
38356264666430363831323631323430316665383661636432396130626465373536386562356435
34636564643464343063666639613063613361633338316130303563626139353030383937313135
35303439393330636531643437613062373565323737353861373235656534376333653436383863
37326165633262376331393166663964646563326134633031666135333066363463
