$ANSIBLE_VAULT;1.1;AES256
66356532303933646165356365393931353237623536316264393135336139616663366635623635
6632343533363437333531633235656163363232333039360a306639633865626236363333303166
35323733316634643237653532303763333832643734353038323039653261346136316266333432
3036656430393361350a306563316566633632653131393639383130626137623633396230353833
39633864653330383031343132323637336130313333663434646535383864393535343066333230
65633633666137306631633230653033383430616336316663383133363839396533616261663766
37646135623433333234346466643533346139623337643535613662373030373937393366393534
39376131323335306137393366633833666236626562663863383136613132353436373266613033
61666532623439353130356431663336613435626639383732653334323535343032336364396263
37636362306665376662636264376338623131323531396664383637666266626461396262343365
38323233386538326365386165366263326566633561313636313931343138366431613638306334
62393832663238383366313564636562633663633761396131316534386463373630646530316136
64393465353438353662653463376466633362653763393135623739346436336437343066336539
35333433626330666632633163343937323832613363393530623861616637356636303430336539
61633538643130653635313966346661653165373330653965343735363761323363396633616162
62636634353632373237633336376539363366656535326466326566613637383666653031343530
38303737323264613837326362306134663238323065376562376532336633643133616536366162
63333133346138363466393962666263626632366331623639333462313632666139623263643039
36633232653333613539306265393738313037666164613139326234616362336230303539366565
62303337373337633633663930396566376264366364343735383666363965633264343733306334
64653263653338303563643564633532666130613333396337316662383264326635376232663036
31636630633338363561333639643339373163653330356337373062336637616635303235376631
37333264303766343535393431373062326530613662613235663763346134303162393736373861
39613239313637363430326466663831653131376165636433373463643031626666323239303336
33363830653736656533353239333530666234303561363536653263326163386136616339343237
30666635623161326566616230373230623934353063323564656637623634356335613438343961
34333230633664333261393230623130633266613934396234363031656132653934336164316638
35646531366137323433356165353232343836363233303962363432663436636537303362346365
62363835643033306137613336343663323238326439646238363231666566373766383432356338
38616134396465316466623061633466663066633739653132326438353936663866616566656365
39623465333430303831333064313736653865366238306230363861613666306538616330346138
30393736313630633235306164336339386361393137373233643235303063343965336238336636
65366332313365366434356632353264663039396139313432393661333962323133636630396439
36313961636534346436346630356531653534333934633361306361393964363365353834333231
36363838386639303061386531363835393435383966353931663566303535366133333538313938
62313934323539313965633562616465356361636336653032383339396335613662306262616466
62633735623064633034323463663433343564653936373639366439396338636238663434306565
65323836356133393662333761313930663466303266376662336462386164613961316633633536
31353231623837623764336233663066643137656530313062396164633737383832356331376166
39363035656264643036623034653366663131656265326262346566353065383433653639623736
33313833623465333564336661633639366362636136396237383034666462633331333533393837
33323834613333303431643337643038666262343166393931303738613665346132666261353462
61313332343263313865616334623464653838323236376366376330656335666330613761613337
62666266316330636361313338363530336133373433623030393661666363633431313330356464
32323039383631653032363330653363313832636662643763616530376637346631386261316165
32343138313565396436363731396335353934633939323362303434346362323731383234353162
31653433323131646261326434653966616563333761653066646365316261323239313539626561
62303139333334656537393463363364663835323037313639303533663831646435623037343436
62346632373761313638356432646266653231336661323961373262316436326531643036333566
38323761393961323332613934353335346434356637326435613062623862353034323364656463
36366639353765613139343636653138643231323432633861636162303233653831353432613764
65333639326635663436633231623166613130323839663430326364623265313263646265646662
36613939386530626134313762343265343634653430346137383465363832343237373437626133
31373730316634623663303438626334313264333036636461346661303334316362633461343936
30613330636162666435376230623833336239303263663732353534353061393039343365303765
61653362323532643666383937633330636433353936363931633432303162386438373661663164
36623064613137313761363866343566323038663866366430386161663537353336333765366134
61643161623666636238353266663235643364383734303730303131633638386433343838373033
61636530313139636465666432653430646265316136633366623237323234653461383337626666
63633764376161303532373931323930366136613534333263636561346637383739323335343038
65306635326266646639663539613866336363653230643231626236343664393938663035336630
33636336636564623064376666633937313135333764363736306430316637643431623438636233
39633931386435663762306231643766353363343562353134616664343338366364333739376437
30383133373138663665306165333433633238346166316162366566623761313731613137366366
31363666363036353966323162613465326163323563323539366365653930313366616238653037
66313630633763633164616330643266643238376564613739356235623466396339353161626462
63313933336336333461323636393133303862356132643162343833626536366535376562353031
63663764373736383935643462663732636164616530363965333465363834343530623131633961
35656532343439313438333461346536626131393237356131626139353331363339346236623933
35636330623665313431643962366632303939316265373932626233383739396637633663663332
65343364336435616431666330306165333766653838373061343634613566666266316264613366
31363065346637373636616538656137383934383839666363303634373561393961636539653337
63373139616235323663616636656531316435663231363638313834636164303866333437383366
32643138393063653761616332353363306636633165323136323539393335393233316235653064
38623636326439373266323838633836616136653164386237373333623466346634626336303032
35363538303934366530333762396237613661646361323661623162653234653838366662303531
63646566323833323333376564646230353465383738346365376332626463653064393432663361
35663539393161383665383764376362333435643637623866646237616465333833636336666666
32646263333234613364303839643939393738646536616261656639303466366433393764636339
65396537653664623737643234383136393537636465643630633261393332666437373362623565
38316133366264613239306234353932633739396437616464396665323463366563373132386339
30323932356334653737663939323935366463393430366130353237356361376536373338333132
35353130303636376138356432626563336232356463623832393934303032366430363632643566
36326563376631393865656464353134653331323365373862663433613935643464646265633432
61646133306232303137643061613731623735656130313239306362623163313665626630643837
35336336356631383161656237326136616132663264623530326638396233313362623764366265
62623065363239396630636633646333326637613231303065326539663833323661366639363539
65366661343436663836366334306633303336396334616536656631383763303664313432346635
35663633653531646233643337376439383133336337656466343363616434383839343534306632
34616262633563333634313133626561326161666133323632626561363236316435333964356265
64303531343835653730343931376230613138613739313234343134313136333132626339623935
30376163323137636561323562376466306233383336663964646534363661633736613935623638
36356234363137616363646664336562356366316164333235353033333863656533353135326239
65333761393831623164356532373466653130383561636436363335623932663833653735316663
33343939646533346535666239623566376136383234343364623765343035356434633064393932
64363663313035633565626239396662613736383831333266336562613362636230386338643231
37653230316433303966653233616665353862363562613165336334646663616365386132373464
38616138343937653336623939656164323865356561363461346562346263366137613438353230
35336233393062323538356365653737616466393563376636366139356236333333653633633861
61343439303839323566646339363836383831613334653632393835383564616563393263663031
34633030376165353338363530343534336532313830383030656637663965383532326238353965
61643739616164653363323836616563306363383332646634633132383739313163653565656236
33343334346535363361626164613735376233666361363764656132643231363538623932383037
36366234626131343939323261316637636533626132393337643132613964666335376534653838
61343839636138393161363166616364363665303534343862643061303730323438666564383362
34396631303330363137663538613236353135353937346464363935376335393134656138643030
32326135653337323638366634636566346361343036633437326362353437666132663063613238
66386264306564333664343362343630336465363338343463626661656638383163393162373035
32656663653638363163653331623235356362663233613334383566346263653938623163613132
35336534653965666338663731643363376162616262396234396536376539376166616239393662
61373531396232393236366631303061343833333332646436313038353530313463316162306336
32353337316662306337383632373837643939313461613833336334376432303934396538363764
66336633613636646133653832663830653263383331643562613363313266633134346137613164
38363537633132623066623532373235616436313165353464393133616639373133656432313437
32643664656538386265346263343764653566666134643330383764343765623331393063373233
36386264343261666239646664326466363362333538346232623935333536336533346263333731
31393131303036663435636666383665383938313564353664313364663231333263343838343435
37356637343731373036353634623361623031353134303036653031666134313232616633643938
36333662656537316636336237623634363931666665663634316531636139306265666166386335
61316235653863616137336639613736336661653633363363316364336265393938613030636439
32386336363839343636326538636431653264343965656463613034366163333366366638613935
64613438363037393837393139333964373636653136643633393735386165343837623830626430
62656163653638316436383431346534303534663039316631646132366264633662343465366332
30373866383533373436333937373765323135643036313933323265646431386538316133623933
30353634636431316532366236303232396563366335626538623834666362373834396631373439
66663539373761643435373230323061366439633531363561393830383964386233343631366137
30626564376632623432316636313636626637346130636430396334323933623938303864396363
66306365383539373539396465323339343963303664303138323165363261636137653331316263
63376463353666386339663165323333646161353738336530326337666338376366313338393632
38316334383664653964396263643830313861343564666166346236626236633337623261636635
38333530636237633633306434633166366138303437636334633936313135626135613938346439
30316665646365333935386530616363366361393166613264316436653762353631353330366561
38376638653134643030663736313563396461373661323132663336356333356237613335333731
37363539383239623931366262626138353636353532323338343461303835393632306161303036
66366530396466316166623763326164613464303937613535333661643630623362636430633465
36326336393433666166613061616664383832323830633830303137373261306437396665623038
37306632333531653630323131633165666332643462633266656661393232613238383437353530
30303133376663306337383934353330383635356561623834343838666136613066376233393732
63643935366238323833313234363833616266363665636334333764656338353234323465353536
36633837306533663039353033313935303739616237643836383532636331303334646362393164
64633638663433643264316364633030316234363666393539383337323061373434306433623663
63393139653231373134656530643365616233633439383239333962663938333236666636383063
38396431646162383738626463393434373038326365326338303737353964373436313262313535
31333965613235636637323832303062636636366663656238643461353865393762333537316131
62623436643462633532343763323666356637396330643361353466663736336538646432363865
36353465363264333265343238613838346362643932663530633633633335383530643066663631
65383666323933373363643833636137636564653465353362666364623139306665666233646639
36303237326563313262316361343939393663653265366537373965383165643739663164653432
62383639336637633134623130636539653036353731626539346263636561666461646530383364
33613863313364396234306466386263316433306330613063616634393239356238343332343166
64623662633761626239616364613530323364343565626661326165663466336238313231653961
32663935386565383761376635393334643037333763353735386462663638356230366663346633
61643935633932356137613132366363613465613564306266653564373635343461623531623035
38656165613666646333373963323165353634343365656164303364373965633938633764653165
63333830353731336366623631363365313336613966343634656330393163316330383033353866
31653263643432316430633135646634396334633265633461343333653635356661363032393437
37383565623431653035653233326566306632643734663064333238356138636561396133376131
35356633643461633331316231393637636236643431656536373439616266323830613366666363
35363136346234303831313536653462396335366233373663366137306136353234666663316464
38346137356133336162306165306337353466373031656261343937316261356635643566326261
32393464636166323962663135323464626365366230373331393765616664386238303365613238
34353938333338666630363865656365643031646538613233383437383464623864633332623865
34323063373233396332376132353237646334633438363535313366353637623665376662303961
36326530373834356238386635656262366362646164643635613738363138336365623535376164
64346430356235653064303432396664613063396535633262383366393465613238386435623364
3035623438346466313936653835373862663732663665333336
