$ANSIBLE_VAULT;1.1;AES256
31636332373839663535343537643230393063656664356330613234323137306532313563313562
6537393836353165363037333037666137386134386261610a303739306430383765343137396365
35353165663530353435393630323962663861626465616163666566383830663161643632323139
3835353466633861620a663431633432356331303032313233666430666162386436323462303965
64346230353735623336333966386236306636623638393231343335396663376330613564633336
38353235313637323636616163663535383337643733636561313337386565323735643636323937
62643364363432346234323565336637353862633264626265653064316333383838383463343062
36353330643536626265376437333136346663396331616462346235636437336339323261353762
65663335336232636363393039363331346562323963663033376266623635383165613936333137
34316161663866613934346632653533663062363863323632336434363737373038376636316361
33616366633830653062363065393366316536326262633438613761303338333237393530613938
62376331616162663738363632353839626165363633303263356266613731636230613564656662
37613461623834643663326532383037346438666536383437306337636165393530633461366339
63613732373731366662343931323634313530326665373662623139643534333036306136376663
63653135356139633233656465656330376164656336623462393866653631356166303035313165
37653739363466656539643562633834303563636663366230653433363936383966316264346336
35373763623431383566636531386232363362653035393166356431646531363465333534306137
39393834303263373831633033323165306631383566356336303038303230343331396134326131
35626265626236623234383939383864366161386664323563366231633035633535646536636664
61393738636363393034333662666436316637363938663134313661653561623662613136373030
31353035353764613966316134363331646435626537636662613534393963396332616466393436
33626661623036313336643566373630386636323937306665663566346266613339656164643031
30653461316232383332353737613166313337356638616463616233363831316661373633303337
37373664353935386262366266336464383265633364663039356438393232633365393265653062
34336137616332386432373936636364383432326433313336356436356261383263
